20260915T,201.53999,201.53999,201.53999,201.53999,2
